                  [1;38;2;255;96;172m-[1;38;2;255;96;182m`[0m
                 [1;38;2;255;96;194m.[1;38;2;255;96;204mo[1;38;2;255;96;214m+[1;38;2;255;96;224m`[0m
                [1;38;2;255;96;216m`[1;38;2;255;96;226mo[1;38;2;255;96;237mo[1;38;2;255;96;247mo[1;38;2;252;96;255m/[0m
               [1;38;2;255;96;239m`[1;38;2;255;96;249m+[1;38;2;250;96;255mo[1;38;2;240;96;255mo[1;38;2;230;96;255mo[1;38;2;220;96;255mo[1;38;2;210;96;255m:[0m
              [1;38;2;248;96;255m`[1;38;2;238;96;255m+[1;38;2;228;96;255mo[1;38;2;218;96;255mo[1;38;2;208;96;255mo[1;38;2;198;96;255mo[1;38;2;188;96;255mo[1;38;2;178;96;255mo[1;38;2;168;96;255m:[0m
              [1;38;2;216;96;255m-[1;38;2;206;96;255m+[1;38;2;196;96;255mo[1;38;2;186;96;255mo[1;38;2;176;96;255mo[1;38;2;166;96;255mo[1;38;2;156;96;255mo[1;38;2;146;96;255mo[1;38;2;136;96;255m+[1;38;2;126;96;255m:[0m
            [1;38;2;204;96;255m`[1;38;2;194;96;255m/[1;38;2;184;96;255m:[1;38;2;174;96;255m-[1;38;2;164;96;255m:[1;38;2;154;96;255m+[1;38;2;144;96;255m+[1;38;2;134;96;255mo[1;38;2;124;96;255mo[1;38;2;114;96;255mo[1;38;2;104;96;255mo[1;38;2;96;99;255m+[1;38;2;96;109;255m:[0m
           [1;38;2;182;96;255m`[1;38;2;172;96;255m/[1;38;2;162;96;255m+[1;38;2;152;96;255m+[1;38;2;142;96;255m+[1;38;2;132;96;255m+[1;38;2;122;96;255m/[1;38;2;112;96;255m+[1;38;2;102;96;255m+[1;38;2;96;101;255m+[1;38;2;96;111;255m+[1;38;2;96;121;255m+[1;38;2;96;131;255m+[1;38;2;96;141;255m+[1;38;2;96;151;255m:[0m
          [1;38;2;160;96;255m`[1;38;2;150;96;255m/[1;38;2;140;96;255m+[1;38;2;130;96;255m+[1;38;2;120;96;255m+[1;38;2;110;96;255m+[1;38;2;100;96;255m+[1;38;2;96;103;255m+[1;38;2;96;113;255m+[1;38;2;96;123;255m+[1;38;2;96;133;255m+[1;38;2;96;143;255m+[1;38;2;96;153;255m+[1;38;2;96;163;255m+[1;38;2;96;173;255m+[1;38;2;96;183;255m+[1;38;2;96;193;255m:[0m
         [1;38;2;138;96;255m`[1;38;2;128;96;255m/[1;38;2;118;96;255m+[1;38;2;108;96;255m+[1;38;2;98;96;255m+[1;38;2;96;105;255mo[1;38;2;96;115;255mo[1;38;2;96;125;255mo[1;38;2;96;135;255mo[1;38;2;96;145;255mo[1;38;2;96;155;255mo[1;38;2;96;165;255mo[1;38;2;96;175;255mo[1;38;2;96;185;255mo[1;38;2;96;195;255mo[1;38;2;96;205;255mo[1;38;2;96;215;255mo[1;38;2;96;225;255mo[1;38;2;96;236;255m/[1;38;2;96;246;255m`[0m
        [1;38;2;116;96;255m.[1;38;2;106;96;255m/[1;38;2;96;97;255mo[1;38;2;96;107;255mo[1;38;2;96;117;255mo[1;38;2;96;127;255ms[1;38;2;96;137;255ms[1;38;2;96;147;255ms[1;38;2;96;157;255ms[1;38;2;96;167;255mo[1;38;2;96;177;255m+[1;38;2;96;187;255m+[1;38;2;96;197;255mo[1;38;2;96;207;255ms[1;38;2;96;217;255ms[1;38;2;96;227;255ms[1;38;2;96;238;255ms[1;38;2;96;248;255ms[1;38;2;96;255;251ms[1;38;2;96;255;241mo[1;38;2;96;255;231m+[1;38;2;96;255;221m`[0m
       [1;38;2;96;99;255m.[1;38;2;96;109;255mo[1;38;2;96;119;255mo[1;38;2;96;129;255ms[1;38;2;96;139;255ms[1;38;2;96;149;255ms[1;38;2;96;159;255ms[1;38;2;96;169;255ms[1;38;2;96;179;255mo[1;38;2;96;189;255m-[1;38;2;96;199;255m`[1;38;2;96;209;255m`[1;38;2;96;219;255m`[1;38;2;96;230;255m`[1;38;2;96;240;255m/[1;38;2;96;250;255mo[1;38;2;96;255;249ms[1;38;2;96;255;239ms[1;38;2;96;255;229ms[1;38;2;96;255;219ms[1;38;2;96;255;209ms[1;38;2;96;255;199ms[1;38;2;96;255;189m+[1;38;2;96;255;179m`[0m
      [1;38;2;96;121;255m-[1;38;2;96;131;255mo[1;38;2;96;141;255ms[1;38;2;96;151;255ms[1;38;2;96;161;255ms[1;38;2;96;171;255ms[1;38;2;96;181;255ms[1;38;2;96;191;255ms[1;38;2;96;201;255mo[1;38;2;96;211;255m.      [1;38;2;96;255;227m:[1;38;2;96;255;217ms[1;38;2;96;255;207ms[1;38;2;96;255;197ms[1;38;2;96;255;187ms[1;38;2;96;255;177ms[1;38;2;96;255;167ms[1;38;2;96;255;157ms[1;38;2;96;255;147mo[1;38;2;96;255;137m.[0m
     [1;38;2;96;143;255m:[1;38;2;96;153;255mo[1;38;2;96;163;255ms[1;38;2;96;173;255ms[1;38;2;96;183;255ms[1;38;2;96;193;255ms[1;38;2;96;203;255ms[1;38;2;96;213;255ms[1;38;2;96;223;255ms[1;38;2;96;234;255m/        [1;38;2;96;255;185mo[1;38;2;96;255;175ms[1;38;2;96;255;165ms[1;38;2;96;255;155ms[1;38;2;96;255;145ms[1;38;2;96;255;135mo[1;38;2;96;255;125m+[1;38;2;96;255;115m+[1;38;2;96;255;105m+[1;38;2;98;255;96m.[0m
    [1;38;2;96;165;255m/[1;38;2;96;175;255mo[1;38;2;96;185;255ms[1;38;2;96;195;255ms[1;38;2;96;205;255ms[1;38;2;96;215;255ms[1;38;2;96;225;255ms[1;38;2;96;236;255ms[1;38;2;96;246;255ms[1;38;2;96;255;253ms[1;38;2;96;255;243m/        [1;38;2;96;255;153m+[1;38;2;96;255;143ms[1;38;2;96;255;133ms[1;38;2;96;255;123ms[1;38;2;96;255;113ms[1;38;2;96;255;103mo[1;38;2;100;255;96mo[1;38;2;110;255;96mo[1;38;2;120;255;96m/[1;38;2;130;255;96m-[0m
  [1;38;2;96;177;255m`[1;38;2;96;187;255m/[1;38;2;96;197;255mo[1;38;2;96;207;255ms[1;38;2;96;217;255ms[1;38;2;96;227;255ms[1;38;2;96;238;255ms[1;38;2;96;248;255ms[1;38;2;96;255;251mo[1;38;2;96;255;241m+[1;38;2;96;255;231m/[1;38;2;96;255;221m:[1;38;2;96;255;211m-        [1;38;2;96;255;121m-[1;38;2;96;255;111m:[1;38;2;96;255;101m/[1;38;2;102;255;96m+[1;38;2;112;255;96mo[1;38;2;122;255;96ms[1;38;2;132;255;96ms[1;38;2;142;255;96ms[1;38;2;152;255;96ms[1;38;2;162;255;96mo[1;38;2;172;255;96m+[1;38;2;182;255;96m-[0m
 [1;38;2;96;199;255m`[1;38;2;96;209;255m+[1;38;2;96;219;255ms[1;38;2;96;230;255ms[1;38;2;96;240;255mo[1;38;2;96;250;255m+[1;38;2;96;255;249m:[1;38;2;96;255;239m-[1;38;2;96;255;229m`                 [1;38;2;144;255;96m`[1;38;2;154;255;96m.[1;38;2;164;255;96m-[1;38;2;174;255;96m/[1;38;2;184;255;96m+[1;38;2;194;255;96mo[1;38;2;204;255;96ms[1;38;2;214;255;96mo[1;38;2;224;255;96m:[0m
[1;38;2;96;221;255m`[1;38;2;96;232;255m+[1;38;2;96;242;255m+[1;38;2;96;252;255m:[1;38;2;96;255;247m.                           [1;38;2;226;255;96m`[1;38;2;237;255;96m-[1;38;2;247;255;96m/[1;38;2;255;252;96m+[1;38;2;255;242;96m/[0m
[1;38;2;96;254;255m.[1;38;2;96;255;245m`                                 [1;38;2;255;220;96m`[1;38;2;255;210;96m/[0m
